       1       3       3       3       3      99
       2       3       3       3       2      98
       3       3       2       3       3      98
       4       3       2       2       3      97
       5       3       3       2       2      97
       6       3       2       2       2      96
       7       3       3       3       0      96
       8       3       2       3       0      95
       9       3       3       2       0      95
      10       3       2       2       0      94
      11       3       0       2       2      92
      12       3       0       3       0      91
      13       2       3       3       2      85
      14       2       3       2       2      84
      15       2       3       3       0      83
      16       2       3       2       0      82
      17       2       2       3       3      73
      18       2       2       3       2      72
      19       2       2       3       0      70
      20       2       0       3       2      68
      21       0       2       3       2      67
      22       2       0       3       0      66
      23       0       2       3       0      65
      24       0       0       3       3      64
      25       0       0       3       2      63
      26       0       0       3       0      61
      27       2       2       2       2      59
      28       2       2       2       1      58
      29       2       2       2       0      57
      30       2       1       1       1      56
      31       1       1       1       0      56
      32       2       2       0       1      55
      33       2       1       1       0      55
      34       2       0       2       2      55
      35       2       0       1       2      54
      36       2       2       0       0      54
      37       2       0       2       0      53
      38       2       0       0       2      52
      39       2       0       0       0      50
      40       1       1       2       1      46
      41       1       2       1       1      46
      42       1       2       2       0      46
      43       1       1       1       1      45
      44       1       2       1       0      45
      45       1       1       1       0      44
      46       1       1       0       1      43
      47       1       1       0       0      42
      48       1       0       1       1      42
      49       1       0       2       0      42
      50       1       0       1       0      41
      51       1       0       0       1      40
      52       1       0       0       0      39
      53       0       2       2       2      37
      54       0       2       2       0      35
      55       0       2       0       2      34
      56       0       0       2       3      28
      57       0       1       2       0      28
      58       0       0       2       2      27
      59       0       0       2       1      26
      60       0       0       2       0      25
      61       0       1       1       1      17
      62       0       1       1       0      16
      63       0       0       1       1      12
      64       0       0       1       0      11
      65       0       0       0       2      10
      66       0       0       0       1       5
